5691
9443
5660
6523
2771
2224
4732
2933
5626
2399
9493
5393
1001
5912
4673
6595
4566
2039
9677
6509
5779
7088
57
5970
9454
1095
909
2671
252
6631
1843
7904
8420
7954
1958
8554
9840
9515
4254
7810
2901
6382
7594
6519
8355
3648
5116
1102
7973
6767
937
2535
6274
6406
5026
7627
9393
6520
5062
5591
4639
3864
5079
5533
6620
1093
296
7715
6096
6702
9868
1616
8055
4478
3837
9041
6508
5005
5061
6887
113
7677
8483
2149
6512
9768
1592
8308
9474
4891
926
4609
1769
9238
5434
1842
4188
7399
7562
2826
311
2932
1400
6474
5931
58
1664
9056
3905
1816
252
6543
2417
2187
6285
9742
4243
4313
8327
9244
9704
7155
8819
6895
3664
7084
5281
1927
2732
6571
5365
191
7116
1901
1401
4041
8245
3052
6340
9175
7501
8485
4502
8425
1401
3551
5946
9413
725
1302
4074
4435
9940
2025
6749
8991
9982
9359
8277
6378
4163
4082
4077
8742
3943
1902
2534
6411
4457
4797
2353
8267
7967
8185
1451
5579
820
62
2720
2710
9513
6069
5357
5149
7283
540
5474
9726
4528
9396
4407
3312
4150
1803
512
9832
3281
9227
1610
7668
4543
1906
1230
4299
6164
6663
1847
6610
3222
6972
6720
8833
6508
2538
3411
3996
5032
5696
8140
9509
4974
7090
4751
4396
1063
5513
3499
4913
1007
2102
3725
9103
2993
2476
1511
5296
644
6016
7721
9385
5679
bukta
3202
5614
484
7622
9345
9409
2974
7687
1724
7143
5457
4417
8812
689
9962
1644
8848
1445
5688
8488
5936
9968
8984
4093
8317
3015
87
302
5302
3149
7027
9149
6984
7727
7970
1381
949
1974
1273
7286
492
8366
9499
2836
7960
5029
7791
9137
1022
8933
8115
1427
3636
4579
9174
3904
1667
7979
6781
9685
2429
8881
8012
3210
6238
2764
3887
3844
9882
5836
7915
6874
6111
2559
6448
2309
9072
805
4060
3166
9183
7640
4079
5935
9100
7340
7547
8363
8789
9730
3121
694
977
9695
991
5973
8899
8077
1885
6566
2725
9334
9498
5796
1554
9073
9950
6019
3526
9200
5145
1144
3105
9753
9670
8147
99
9257
1736
9615
5631
9815
6788
36
9673
4168
7870
7684
8958
7223
9343
6533
3242
897
1293
6581
1506
5933
5589
8554
3170
3918
6591
6574
1262
9974
1880
5677
1254
521
1491
7841
4784
2709
3643
6082
5767
4093
1640
1944
6578
1553
7038
9762
656
126
5500
1734
9678
1432
1456
1410
6171
8893
69
4346
4702
9268
1553
3804
3350
3521
9249
2263
8394
5044
2442
557
540
5323
206
7433
2627
67
7967
2087
2977
9637
5691
1799
9469
8677
9931
6442
3053
8490
382
7182
8319
8496
7004
5961
6804
8753
6785
2442
2610
2509
9132
8822
4915
2286
9830
484
8905
8429
7513
628
9584
4883
1876
367
4615
7960
1473
9088
2512
7454
9482
5012
2916
7197
937
4647
384
3102
8616
179
6079
2875
4471
2106
5419
7783
3215
191
4295
4139
8456
2278
2902
2701
3695
5004
6782
8185
3328
3743
2173
6635
1745
5328
9712
1137
7831
9471
8504
1703
7936
9588
8386
2437
4310
7302
2320
985
3826
5633
5649
5557
8653
9997
3842
7166
5644
661
9291
5231
7030
5236
801
4103
787
1621
33
4134
3838
1044
1736
727
2659
4365
3830
1326
8568
5224
2959
7344
9092
3257
9815
7563
9053
1017
6174
4394
2472
6828
3530
1394
4956
111
748
1769
6555
4424
7467
9067
4766
6975
6371
980
5693
3347
5717
4079
1210
2554
76
9190
1063
4434
2426
570
5216
1715
6552
8038
5984
7519
4238
4030
6485
140
8035
824
9207
141
1373
5578
9870
7006
8042
5510
3082
2331
7645
907
7376
5030
6695
8293
6722
3301
4517
8127
9314
2346
4252
1162
477
5551
4246
7760
6544
4390
8439
2489
3596
9788
8235
9341
7631
9842
5753
980
2599
961
3759
7060
6242
6910
2470
8383
898
701
6810
5564
2735
9064
9601
6000
7106
7089
6800
7571
2689
3750
486
3572
8588
7753
4483
8032
2641
5102
1503
1834
5960
1142
5683
5979
4538
8171
9811
9427
542
7324
4791
1337
6208
1269
9875
5016
7275
2640
5945
3259
593
2386
7537
1802
3657
8816
4342
1371
3056
7199
827
8547
9409
7377
7261
3315
3040
3101
9986
526
5756
7083
4353
9673
7106
5129
3899
9664
6229
62
4526
7522
1596
6872
8479
4679
4905
3017
3346
1555
6028
4736
9888
173
2774
1383
7975
9333
4164
5736
9444
822
4173
7410
7394
5331
5830
2230
1065
7583
4833
4065
1835
8786
6471
4462
5153
988
7128
9832
1607
301
1230
3686
5915
9195
3723
186
7992
9587
5562
6839
4226
2736
9890
8062
923
9348
4286
5183
2270
1477
3741
1727
5994
6592
266
5990
5243
2903
3069
4383
8209
2891
8021
2985
6806
8374
307
4310
3192
9618
396
5324
4654
8106
1851
8824
3761
1166
7959
4359
8055
3484
9994
6485
960
4624
3972
6344
9548
8134
1626
4417
3311
1174
4447
8267
4483
7351
5862
8556
7800
6597
2937
2859
3392
1385
7511
4529
877
8814
3915
180
8232
6713
4786
1512
5399
2747
9730
3485
4525
1610
3683
9551
4865
6836
9394
472
7132
8894
3019
4086
6199
1899
8056
9051
5775
4696
3812
3824
8584
168
4689
5552
7370
7065
5493
7256
7109
8789
4547
792
3756
8017
2131
1120
3834
2133
6
9335
5675
6167
5776
6387
8259
2762
8432
5076
8574
9762
5467
6713
7048
7835
4279
1093
4213
2016
6725
3385
6713
3780
2133
6999
7141
3223
3816
3176
3648
2975
4626
4645
7158
8822
5486
1847
872
5577
3552
6076
4221
294
3860
959
4139
5567
2613
3124
7592
707
3274
8372
2025
103
2676
9232
9283
9957
629
3861
647
5755
6200
6873
8502
633
3653
5006
1428
7238
5192
7381
7328
214
7743
1800
5324
3453
5963
4861
247
4118
4107
2305
5673
490
9100
4667
6331
7948
2546
7411
3733
5348
8831
373
4965
5829
3072
980
2366
2385
726
2468
1364
8606
4514
8392
5757
149
6297
405
5556
9072
256
4521
5120
7522
8273
6139
4012
8551
4405
7015
5896
1458
265
4055
1931
3830
1791
8448
6883
3949
6569
7828
7531
6165
1349
3300
1593
822
6054
1614
8183
8989
528
2546
7726
9180
4000
1604
1258
4701
2136
5906
7344
2127
1068
8901
4218
7128
8065
2830
8155
7915
5030
5195
1626
2667
7143
4172
3096
7351
2312
1615
2273
1519
1161
3325
6687
8429
7304
2478
2460
2483
7475
5096
6761
7055
1047
8127
4212
6252
809
1071
3252
1083
4974
2733
2475
1937
3097
2477
5824
5641
4171
8661
2557
4311
3718
6779
1431
2868
3761
3275
1662
9139
543
1372
293
682
6469
5620
6491
5301
5565
5728
8665
247
125
6661
9659
6564
4570
438
9497
5733
6444
9011
9527
4399
7684
7288
4021
5965
5289
2259
4737
4357
3982
55
9271
8396
5171
1937
2346
5028
9794
4146
5531
2137
1886
8288
697
93
9297
1375
1793
3717
1858
4978
3143
8146
8656
8076
5478
4596
9921
6576
102
3572
8695
7661
6528
606
7450
4198
1828
8656
6271
1479
8662
7909
29
3273
4119
5997
3136
3156
7143
5654
5755
6433
3855
6008
9961
9873
7132
5805
6973
75
2040
8319
4654
104
1966
8471
6434
3345
3346
9365
2849
6578
5841
3076
8050
9042
4684
8059
6897
3237
4046
2729
2078
2626
6990
964
4033
9637
3977
7789
7831
48
3895
4300
4434
5197
2632
362
5863
5147
1073
7753
1970
5561
193
2768
9169
6980
7443
1690
2475
1016
664
6359
1947
2652
1023
2702
3427
5031
4520
9824
4950
7512
7281
494
6367
4882
9903
4535
8838
4231
114
2030
1836
9551
3265
9297
5583
663
4661
4515
2611
173
7915
3700
5613
4266
6146
4111
2178
9016
3942
8949
7850
4831
4079
9216
2400
6689
1399
6018
5365
6542
5387
9448
452
57
676
7099
6413
1181
2122
7283
7276
1962
315
4500
438
7972
66
2615
2041
3868
2003
8128
3970
123
2002
8954
9991
7719
5700
2389
4388
5465
243
2263
7841
322
4528
533
7907
7636
3389
5583
3642
9766
2886
131
8908
5628
6117
5145
9148
4234
319
1201
2284
750
5370
8995
5933
2041
6158
7279
3593
7571
9227
2995
2452
3852
4704
9325
1051
3491
4887
3105
636
5248
3506
7257
2006
4084
5185
9497
6330
6510
9203
5560
7755
1326
7252
9845
6475
7108
1919
9901
8656
5765
1044
9886
4314
4697
1677
1104
2067
1047
3115
6793
4336
366
423
1935
6745
4158
8925
16
5788
8451
1538
9969
6990
9200
2006
4254
5605
4870
6004
5226
7871
2615
8719
6972
994
6560
366
4712
6803
5559
86
9629
5956
5169
1605
6638
458
315
7355
3601
4517
5371
8394
4708
2868
3141
8759
5911
6316
1129
3898
2632
4074
9143
2718
814
8213
1677
411
4701
3620
5865
2051
229
9500
8397
1221
8402
7717
8599
223
6886
1725
5201
1649
5687
1909
2667
8472
3739
8422
1712
9321
4570
1265
4501
1685
101
8764
9318
9238
5913
7678
2276
4709
864
7485
7821
9195
2170
9238
1815
9913
2465
8045
73
6129
6665
2729
4519
8313
7715
4688
1597
2502
1026
3750
5839
6504
1046
584
1214
3671
1138
2097
3734
7192
7995
2094
4463
9211
9404
377
392
5533
8344
4002
1515
3300
4542
8371
9499
617
2222
4579
327
8264
8685
5298
4624
9624
6913
3390
6034
2084
4081
1523
3606
6301
9965
3261
7560
2599
2116
1697
4731
4538
9724
3988
9921
2065
4934
4602
7015
4641
8989
9132
6926
2930
7706
8289
3040
9920
7434
5151
1061
6557
72
368
4909
9671
6536
1710
7154
3884
7421
2888
6653
2837
8537
588
8752
9071
4463
8796
2179
6354
5190
1073
8234
3905
7465
9623
5658
2746
7295
3838
786
9058
2984
7
8426
9188
9861
9804
893
9835
6430
3437
3829
9636
2996
5524
8878
8867
988
6033
2193
3163
3177
3145
8749
862
4425
8607
793
5485
8305
7508
7864
9888
164
4936
1683
5515
6334
5783
7360
5245
5292
2968
3993
2125
6136
8545
4843
9941
5407
1222
6017
5184
8985
696
3364
3480
1341
3716
757
5758
3432
9492
4387
7608
4478
2102
2309
7230
2866
6131
7488
479
7411
6107
1291
7388
748
9225
1438
4750
8625
42
2827
4800
7443
2721
1256
7203
7447
165
3821
8015
7635
5208
7852
5682
3780
475
9892
7018
7830
3175
7613
2675
2300
5765
5488
1230
3097
6091
1735
5798
3853
2701
7458
93
8791
3425
4064
6978
1209
4310
4779
6498
5120
3148
2160
3706
241
7766
6180
8436
2847
5003
3723
9983
4009
1472
7030
6445
2831
289
2945
1364
183
7028
6632
1551
4831
7204
8294
9843
3330
6887
8375
1987
330
3131
558
8774
6878
7496
4757
1439
1331
533
5875
6642
9353
3343
4399
5848
3729
5190
3765
9193
7062
5420
8562
4412
809
7867
3646
359
7003
2772
6549
4693
7736
3379
8498
4570
8165
138
8918
6812
8770
9062
1160
93
2749
7116
2670
2000
3165
8378
4561
8017
4907
2605
9631
7611
8342
1980
256
7160
9879
9392
8771
5894
653
239
4088
3955
5086
9217
9135
6129
3291
4167
2238
4392
6602
9437
3519
7156
1462
8980
5636
3088
1346
9433
8244
3593
6359
3270
8103
3574
7365
4639
8158
5058
1512
6724
934
1139
9642
7523
3466
7720
6491
4471
3537
5993
9187
8656
872
1150
2236
4477
9218
9403
4153
1545
4320
5218
9200
3102
2767
755
9330
6423
3086
2456
8658
9470
1295
4491
2399
4097
3619
135
5355
4162
8827
5070
8434
9531
8470
1811
1458
5813
125
425
244
251
9968
2583
2837
5566
8393
1421
3747
6818
3583
7440
6695
9388
8592
4763
1380
2336
6116
4867
5113
8890
2370
8298
9741
798
2294
228
6065
6
7971
9240
4668
2099
8508
7387
9230
9402
1846
4306
8431
7498
7217
4824
6944
8740
3659
3064
9246
6921
401
9458
8019
2834
4750
2306
2855
6797
7957
732
3598
1932
7067
2303
5391
5833
851
9235
2148
186
8757
5773
1579
6503
573
8331
5362
2335
3968
2593
2526
2786
619
1499
1916
5473
985
3862
947
7034
5457
50
2497
5530
5852
2933
2363
9115
5934
4122
1436
5554
5318
3331
2904
3281
3955
7667
6311
8914
9330
4539
4340
2973
5828
8748
5948
7217
4610
3759
2075
171
7392
3870
1792
5631
7299
9917
9005
7518
3564
4851
8697
6942
8739
5799
5410
4896
9011
4693
7529
9206
7754
8467
7560
4971
2791
7642
3975
8713
2436
8541
5192
8024
2433
396
7528
5833
6437
6510
7819
6511
1351
5280
5311
1133
9870
4734
9910
4801
5783
9633
2389
6162
6991
3286
8557
4048
8629
910
8015
2790
4474
6493
5619
9415
7053
2133
4250
6297
9905
3286
6795
3065
9390
5286
3388
597
3344
9753
5151
2410
6127
8116
1927
3012
8644
4917
5061
8503
7632
1631
222
9876
397
2349
6316
1686
2384
7268
5832
7367
5790
1586
3204
7059
1344
3419
8631
5466
9972
2904
7379
3950
7075
1733
3414
9406
1537
3433
8511
5809
7283
6207
9912
9468
796
3542
1677
6726
7533
4187
258
7388
2238
4865
483
9341
1917
5124
3872
3733
9809
3115
8840
6765
9009
8855
6321
6853
2271
7859
7805
885
7549
4008
2749
9626
8077
5511
9825
4180
7379
152
9461
910
1635
4606
4420
1170
6766
9977
764
2592
9633
6002
2699
7776
277
7099
353
6325
9245
2780
8280
2882
5305
463
7413
4006
9426
1650
6842
8292
730
7359
8947
6860
7306
8958
5156
4373
2334
7351
8954
3771
2384
3869
4176
6170
3980
9331
1926
5546
9818
8619
8559
8059
6763
4674
8174
4052
8622
8431
7067
2773
7058
349
9447
9619
3556
973
3454
7698
4194
1759
7941
1282
2076
2450
3372
5849
4053
7476
1190
5753
113
2207
556
9818
7347
1861
4677
1916
7984
2248
3375
2433
624
2790
3377
7720
2427
2992
9870
6217
9728
3401
5186
8137
563
8697
5478
3358
9769
9675
8670
5013
6757
7995
3056
8052
2413
3452
5020
1081
6419
4963
9754
254
1994
5030
8356
5785
7178
4199
6693
6645
9529
3098
7970
2933
4849
6001
9707
4145
281
543
4573
2900
7099
9768
7810
2510
976
180
6941
7229
5927
4863
1717
4505
5004
5320
9471
8081
3410
633
2605
6378
3977
1967
3323
4962
1821
6955
4094
6098
4835
6131
9953
7949
3218
7955
44
6374
5904
340
613
6852
451
5823
3748
8465
6446
3134
6568
1160
8630
8835
1907
2596
2036
4697
1720
6491
3777
451
4766
9019
4945
7154
6824
2029
1869
4856
4752
1292
5139
1256
881
9291
2639
2666
9540
6128
1083
5863
7806
6229
3204
5162
119
7216
8913
8280
3116
3097
2112
7141
8457
9316
4368
5542
2765
9149
1988
1185
9703
5365
4591
1138
4430
2159
7640
3935
4962
9205
5563
8102
4333
6396
3399
6989
4701
2140
5225
7306
8914
6112
2845
1426
3100
688
2618
5144
2182
8096
2491
7454
8544
9015
8766
2839
8846
6520
9884
9847
4782
5979
572
7062
2827
9310
5799
710
8162
279
5449
9305
4311
8137
3489
5864
6894
874
8935
4151
4000
13
9617
228
7430
3994
3632
7716
6549
1539
3222
3179
6247
9594
4347
1542
691
9440
7230
3241
9775
9802
4377
4628
3513
961
236
8069
7374
8900
1443
4852
3648
2605
7386
7698
8067
8968
5685
4718
1133
3995
2839
707
239
6111
2815
9061
8408
6950
9900
2595
1436
5613
4351
9516
9676
3740
7650
3780
8323
750
2794
480
9258
9487
3286
7100
7387
4090
8804
3389
1939
433
6913
5946
8356
2471
310
2549
8186
5937
1322
3291
7471
5971
3654
1034
3141
1493
2580
6181
2837
5987
1457
1690
5798
723
6033
5392
7851
1839
981
8528
959
4502
4680
4803
7641
6082
4596
7392
8176
4862
25
547
8383
1947
2292
6355
6027
2660
5605
3966
3945
8270
8831
119
789
7969
4633
2758
5062
7874
7211
9603
3446
1701
6119
7952
2310
94
6775
5484
7257
5969
9480
6716
5803
8910
7055
6692
6581
5233
2445
3777
8189
873
5939
7738
2925
7167
1257
9667
4485
7608
7960
6737
1536
8814
9981
4794
3974
2156
5033
4950
1360
4709
9791
9487
7920
5834
6158
3139
9868
387
5888
7952
1253
7258
3296
6132
7648
7933
5176
3818
8
4678
5565
906
5224
2239
6943
8677
3608
9705
459
6910
3281
5799
5206
6525
9939
7204
9566
4532
6053
9992
3179
6734
3335
9347
2426
175
8136
4394
2476
2626
5029
7840
7689
6499
6132
8361
1107
5937
406
4704
8606
4389
4935
9116
6265
9057
1933
2563
8768
6530
3909
5967
2993
4657
5959
5534
3538
9117
1185
399
7313
4815
3881
7828
3077
6592
8349
3806
1336
6215
3810
1114
4403
9124
2915
4047
239
228
4491
2095
5013
3254
4543
7919
8074
6497
6035
9196
4306
6895
2105
2973
8043
7207
5118
7526
6367
7992
4787
5322
1101
9314
3
1296
9577
7176
5994
2202
4943
9245
1164
1550
7974
5990
4535
2293
9390
2752
4534
8334
5940
4388
2803
7515
1392
6070
3285
9445
8233
4799
915
2352
5066
5749
2632
2541
7091
4943
4323
8623
1091
9948
746
6630
6601
8194
4480
5239
9818
1829
5345
5303
3720
3294
1035
9726
8164
9856
6294
3219
7885
8080
5759
9819
5453
2098
4059
2096
9926
6231
1984
8570
222
3582
3248
8324
2266
4453
523
9804
3870
2220
3652
5200
7480
7526
2677
3978
5135
1166
3158
6730
8009
8075
5073
2637
5232
8768
6644
3550
950
1629
7158
599
1742
9670
9044
3953
9314
5468
6692
2452
1108
5823
5086
1902
2892
3952
3810
6780
209
105
7581
3292
7729
8081
636
1092
5321
6045
1187
5706
2802
4291
7241
3139
9544
2287
4827
7005
4991
7685
3424
3134
3096
1128
8297
6561
7589
5157
5065
7127
9810
9395
5648
9645
2551
5094
8049
7461
7794
2767
7541
7250
9996
9705
3323
6554
4106
459
9987
7162
466
398
666
5306
6654
3620
4790
3620
5702
843
5111
2779
9964
4647
3758
9605
7365
5107
352
2966
5467
8674
7717
9185
8090
9566
5438
8823
1008
6876
813
6411
964
2593
995
3574
1783
3813
1208
4111
6572
7431
5030
6733
4501
3833
756
1373
6938
3717
3162
6771
456
9684
6147
4229
6650
2895
2403
5534
6354
4480
8217
1067
9683
1365
541
2140
8743
9929
192
1631
2914
4103
3451
9934
1820
9587
4463
4701
123
5346
2674
1772
8372
7501
1782
2751
6608
5156
2376
4761
1011
4975
4713
1534
7049
6001
7
1871
7606
8811
112
5699
83
5802
8084
1238
2974
1128
919
6722
8083
2948
275
827
6727
6679
4196
3510
9337
5467
2694
9969
8036
8740
9382
3486
8991
705
6334
5933
2266
5690
7514
8610
1233
3424
4990
7708
2183
6292
6303
14
6337
6636
1639
6446
1264
476
3980
2933
728
7164
7723
9530
1394
6254
4331
2045
6407
6705
688
3294
156
7139
2592
2053
7554
5084
2322
3596
8981
3463
2218
3904
4008
9723
949
8529
9905
5799
2144
9141
7361
2107
8477
5747
7134
2241
7790
7055
832
2403
5236
3918
8085
8727
6160
1466
1539
6091
9818
6936
323
7371
1621
3545
5516
5281
2798
3112
9398
7297
1920
3653
2155
6738
8770
2200
167
8446
8115
8520
1725
1008
8341
5342
8047
479
7805
3766
2061
2474
1026
2848
8022
4636
4193
1969
1142
3698
7456
2562
8591
585
2977
7509
2198
3544
455
8390
2854
1363
2829
5840
3527
183
4272
5654
4759
5764
6034
8123
8564
139
1471
6343
3031
2085
7100
268
2254
1692
9947
6221
2679
4299
8038
9905
3273
1928
6266
8290
8914
4682
8898
5727
5192
1092
9863
2146
7818
5101
6817
514
4738
2762
9217
2227
1386
5230
6772
3839
783
1261
9309
265
4492
6756
6481
5933
4452
8694
6062
7052
7941
1499
4209
7066
8406
2712
3539
7686
4561
8069
5247
2615
2643
2866
1917
8087
5477
8703
7668
3094
1303
4273
8398
3167
9210
9362
1890
8427
9163
3109
4995
1837
1266
8434
5810
5861
5692
3081
596
3433
7930
2697
8644
1527
925
6291
7624
9842
1838
1581
5866
3800
8526
7332
7007
4661
4730
1794
8703
4229
5504
9879
5721
3978
753
1276
6332
6640
1524
431
61
943
7320
8308
9028
9192
5006
9489
5757
3641
188
2092
9889
9344
4979
5267
6163
7882
9340
2742
8735
7278
6596
8506
2079
2036
232
4981
6028
9760
156
2424
2289
1595
7380
1621
9389
6867
3739
7790
1355
2316
7356
347
2476
9934
5096
4047
1652
3424
7948
5818
4822
547
9486
2921
8309
5998
8432
5500
322
3374
3045
4821
7218
4463
1267
6012
8087
6925
125
2186
5688
7938
5870
3332
2699
785
7533
4668
4747
9911
3148
4851
5282
6466
7216
8365
6102
2530
3679
490
7344
2070
8922
7872
3385
3564
1350
3173
8811
6548
8425
6519
5178
5575
8749
6446
3128
5097
6993
348
5860
2408
7185
9164
2654
967
456
1211
1489
8920
1379
6114
3564
8379
2150
5235
8947
8664
5929
3973
3426
8998
2563
6490
2269
2354
224
7132
9101
6134
6898
3030
4724
5736
6014
2885
4245
2875
8096
7895
7297
6503
6161
1784
4631
3342
8785
6111
2888
9210
1431
7005
2908
984
8650
6941
8159
5325
243
4298
288
9707
2166
9749
3909
5444
4371
1587
7897
9489
9265
9681
3786
2992
3239
9841
1143
7001
1151
8662
8864
5870
9449
1131
2034
1144
3002
7925
2912
2034
3335
8721
5589
4503
5276
1727
8341
2713
2928
7800
3664
1575
799
2418
6813
3927
5252
5792
2509
3309
8734
1274
7024
809
675
5451
9607
8129
5105
617
4709
1584
8262
5570
3831
1109
7812
7165
106
7923
6000
2383
3900
3609
419
3473
3121
2984
9937
4685
2857
8287
3869
5480
1182
1269
8585
4085
6889
5916
6572
8309
4171
2225
5510
5953
4907
7995
2745
2388
6878
7536
9161
1375
5277
2955
2286
9109
3307
5260
7388
3779
776
5626
4816
28
1983
9633
4705
2768
3855
6290
460
1164
1531
3167
9792
9366
9044
9955
7887
515
7323
5634
947
7869
9502
3572
6093
1812
6900
9057
4028
3916
5998
4967
650
2518
3512
5252
5114
6448
9723
7190
7488
1978
2060
8960
5917
5537
6231
5854
6194
9362
1511
6675
2600
6275
3242
1748
3567
6780
6219
8928
9795
7661
1801
7505
1453
6211
5930
3052
991
8338
2171
9866
9634
660
6790
6083
5011
1375
4683
9892
5290
6078
4030
6749
616
2499
3237
8391
2592
2426
7519
5332
4284
4785
2243
2250
167
5299
7272
4521
8476
2157
3861
9766
8688
6223
9600
4693
3606
7955
3143
5349
5262
575
2106
7341
1854
2686
8160
2413
5951
5125
7978
21
4934
4652
5990
3522
3016
7044
7373
7290
8913
5237
7134
7970
2397
7637
759
8995
5286
3445
4330
6153
6982
2732
6570
5245
6493
1011
8174
8075
1481
1855
4573
4529
1360
2689
5398
7593
9682
330
2750
3440
78
5876
3780
8934
978
1052
556
8485
6873
4831
3290
6241
8561
3510
290
5120
5030
6258
646
3215
4690
5128
9444
6210
1402
7844
5451
5999
6929
7380
1812
7323
3386
4221
2528
5927
9218
1842
7851
8877
9884
3002
3862
453
2173
7808
3566
7623
9719
6296
7280
6320
8283
9442
9326
1943
6065
802
6141
6634
6568
9337
1880
555
9700
6149
6037
4278
7397
2861
16
738
2409
2092
3083
6
6118
2563
8853
6450
4539
7973
956
223
8539
3665
6360
3714
6990
775
8223
6739
5445
795
2617
4472
787
2111
3483
8341
1967
7160
9575
7429
6882
1289
4596
2285
2213
3278
5639
98
9460
9317
9145
3213
5816
7647
3136
7472
8426
8692
1609
2420
182
473
5875
7137
7372
9700
3617
4160
2581
4863
8432
1476
3955
3660
5020
7966
2696
1314
7869
4557
5170
6784
2302
8592
3494
7396
2005
5682
853
3769
1811
4728
9306
8440
2615
8164
2150
8069
5218
4546
6527
1946
3274
7388
236
8383
8092
3810
3884
41
2904
2063
2910
7382
4501
788
4476
8797
7965
6533
7737
4384
6210
4411
205
9904
7849
7847
6782
5641
1820
2207
6347
3987
8028
4182
7504
6616
2725
7903
7232
5685
2967
3648
595
8741
6786
4336
9499
8566
6906
5704
5057
5115
2223
8286
8360
2394
170
2389
5736
3263
1512
4526
3220
8970
3981
8011
6245
7108
4900
9168
1516
7221
5897
5849
2926
507
8123
413
6741
1955
4099
446
1036
1429
298
8657
8178
7098
5839
1933
2874
8582
3599
1444
2023
8689
109
9105
8984
9337
7813
9605
4921
6271
7008
8322
4364
8658
7490
6772
8023
9770
9993
9382
8734
9308
969
1111
3884
634
6697
9158
1848
8329
5254
2198
6044
3845
7915
5007
9077
6547
3112
5319
5206
313
1676
5957
3773
2444
6362
9754
6869
4527
1456
6595
7254
9706
9779
4387
7730
4976
4458
4080
65
2025
8479
8341
9257
6838
1658
7156
809
131
9490
3121
9413
3413
3364
4310
2828
1449
3352
5178
3912
2922
4453
8033
2237
9326
9987
867
9429
793
364
3336
5009
3625
4039
3855
4719
4325
942
15
2671
888
7438
8800
3306
2096
1975
8576
5868
7503
6899
6726
7476
7796
2199
3612
6451
1703
1471
2317
2124
1469
7428
2021
6781
673
6482
7537
6396
8881
1205
5858
5930
676
2273
1598
204
6040
738
5908
3745
8288
2129
9176
969
8258
1847
4533
4939
1487
9099
3965
6891
134
1120
8545
8539
6251
7468
898
9471
8518
2815
1910
3230
9450
3296
7541
3836
6247
9397
4119
8715
7018
5423
7528
9007
9771
4935
2838
1369
1727
2940
2629
5823
1099
8536
7981
1521
2661
1051
2990
3761
400
1784
6938
2953
1987
9118
9617
2406
8730
2546
9903
1710
734
9614
3590
3871
9881
3235
3236
3732
182
7353
4386
365
698
6243
338
701
5254
9495
6404
2485
4183
5285
6285
4705
9174
4879
1293
8710
5463
2595
7415
2250
1273
6141
5712
8190
6043
7223
5878
1978
8026
6106
5121
3090
9369
4565
7247
2976
9568
8160
320
1466
3921
567
6219
6707
6287
8605
9703
6578
1896
745
4629
2961
4928
9428
1909
2660
7440
5945
8123
4111
5965
3452
3978
8358
2067
4518
4101
5946
9123
3862
1663
7822
2901
1349
3994
7646
7162
730
2574
7
6543
4855
6679
3202
1775
6155
5501
10
2245
4487
5306
2412
2174
6019
273
3940
2695
8166
914
4469
1971
3313
3847
4784
4885
4335
1
7355
4335
9449
6349
5591
3528
6640
8471
5745
8001
4235
7075
8921
6325
8360
9748
318
5764
8226
7903
6870
2054
2765
5532
7291
7871
7430
2020
1550
1597
525
6109
7008
6091
4981
7437
2762
339
369
2904
7727
6614
4920
9646
263
8817
6181
2470
2759
8716
3113
8569
9490
5356
9288
6168
5959
6354
1841
9297
5224
3724
2290
4251
8109
501
5881
4942
6001
6626
5696
9453
125
3598
4735
9471
7145
5748
6777
3307
2014
706
164
9787
5993
3813
7039
4298
1101
4951
9312
2443
6102
9774
2403
6795
9983
495
1662
4962
6381
7148
40
8254
7429
3509
1369
6513
1657
7330
8370
8769
4899
8848
2038
7234
6112
3001
6389
4700
1069
8113
8290
6356
2307
3746
8744
1990
7533
5011
1260
7558
6922
7756
7438
4031
6871
8653
7141
7777
1277
8285
6116
8083
4314
5503
6732
3981
5851
9105
7872
2364
9805
661
8502
3435
2132
1338
3695
6692
5562
1216
833
4140
5968
3407
9270
6232
108
6543
9629
6067
7133
1263
9719
5523
9227
68
1988
9574
5619
2558
6130
4919
4735
9176
2592
8799
9007
7631
5811
1190
1418
3038
3467
4259
3878
6364
2796
6378
9925
5947
727
5365
7739
3062
5244
9450
5702
9204
6998
4025
2708
9868
2730
7117
6354
3204
6460
4149
2077
6316
6100
4091
1777
723
6603
290
2280
8276
2245
182
1190
1998
6111
5213
3022
1564
775
3278
6182
1386
3815
9056
317
5902
6152
4191
67
7270
5879
640
4375
6788
6317
4556
6412
2245
1928
5015
7036
7681
7398
4821
757
7985
5090
7036
8463
2832
9719
428
8322
1557
339
389
2412
7727
3624
7549
703
2140
6251
602
204
7352
9235
7469
8271
2767
291
7281
1963
5463
7361
8749
3289
4067
5931
276
8958
6133
8634
4201
2133
9358
1986
7509
8775
5980
5062
2022
9141
4307
7900
6209
7376
9529
1834
2130
1380
9773
3785
7924
6491
5617
4410
1833
5723
3786
2384
9669
5497
2293
4066
9847
1413
8770
7543
5375
4468
6341
816
6634
8078
9946
4295
623
9694
8789
2075
6389
4153
8874
6626
7961
7802
6673
4625
1508
3266
7060
4640
1649
7191
288
1506
7557
7413
4110
5336
1323
6156
6082
4865
699
8325
6143
2123
5203
3508
3291
6419
317
6635
4536
3904
6491
1467
6466
321
7608
7264
9754
6057
3694
2213
2256
5191
2513
2026
3079
1157
1244
5457
9804
9394
4255
3072
7194
2620
3287
1128
9630
2571
4663
9595
3026
1629
1070
5973
1730
1834
5012
7316
5111
5310
7285
5893
4558
5769
5780
9092
5452
528
8222
7519
6841
5858
1127
5079
2863
9251
5592
7736
3579
4270
1308
3348
3028
363
3156
2911
4765
5301
7710
6478
5852
319
328
9784
4018
2979
4017
4680
5689
3067
6056
7181
992
987
7619
6290
4067
1412
1572
7327
5642
8253
6887
4571
4611
4302
2628
4983
278
2987
4955
2870
4837
2841
2970
9676
9351
6846
4247
951
4111
4294
3930
6042
3567
7964
8121
254
9221
9240
3808
8266
2803
9514
206
5229
5774
6618
2533
2338
6272
1094
873
4490
1170
7809
7373
9980
3825
6435
1262
2740
9991
7527
4026
8060
3421
187
2345
3875
8640
9271
4285
9630
4525
3571
2627
8843
3498
4304
9691
5964
9772
4444
5385
7219
735
6163
3717
1275
3654
2366
1944
7488
8836
1438
7454
9293
5867
3923
697
4475
9978
9123
8846
5636
182
8916
2739
9446
4514
7732
7755
1416
1283
4350
6885
2173
208
9070
3024
3942
777
7607
7276
4194
6394
9808
60
1661
9108
7643
1110
8269
2233
1212
1154
5660
7672
7061
2703
1646
3639
461
286
8365
933
4400
5806
8795
1361
1831
67
1275
9326
3718
1455
7190
4728
3036
8730
3196
9510
4574
6883
750
7963
9259
9325
6036
5001
4155
6893
4660
5754
4058
6158
7653
1488
854
6682
7370
5316
8096
9335
3633
2723
4219
3258
4716
1369
3106
7871
5204
2701
2267
3749
9950
4181
2565
1549
6196
6012
1423
2312
9450
1194
4359
4801
1606
4424
4979
3505
5977
5522
9204
2292
251
5373
3499
4203
8091
7495
1349
3073
4163
1417
6406
5737
6119
9320
2605
4185
3842
8688
5332
8725
8240
1432
6103
7868
6606
8804
8103
8566
926
4451
977
4731
4379
1677
2568
3917
416
9009
7292
7488
3469
6292
7025
180
3050
1703
3998
6848
1754
244
8791
7455
8130
5731
5914
1652
7673
442
8371
5411
7953
9398
9301
6450
5287
612
8654
3598
7
160
328
9291
171
9670
1200
1091
1355
8116
2960
7829
9037
1074
3499
4401
2128
5049
7353
5829
2204
1653
5978
9243
5069
3503
2095
8051
724
2209
3939
2925
9524
911
5353
8798
3384
4343
4787
7562
2656
630
5271
1160
2952
7628
6188
5655
9017
8619
9650
3658
7859
5463
562
607
6066
5882
6035
2531
9963
956
1316
2030
2292
3096
6435
8279
9759
8850
8343
8453
8405
2347
8523
7400
1749
3762
2352
2069
5638
2057
9170
7311
3525
4789
14
3320
3479
8566
920
7742
8635
3772
3068
5093
8147
3784
234
6973
7919
4489
2444
2424
4849
2001
1196
5960
1336
3837
4979
2162
1897
1264
5656
892
262
5399
3481
741
5569
6935
8870
9792
435
2034
8625
3128
6466
7170
8234
8721
5976
2728
8228
2214
6522
4484
3339
4453
551
1432
8628
6019
1597
263
3859
3744
3119
3204
6924
4721
2152
5665
690
4470
4209
2135
1479
9256
2465
1942
8167
8702
5494
2590
2428
3872
7844
5653
8321
1603
139
5491
2167
1617
1418
4661
1848
7207
9280
6625
5589
2805
4764
7282
987
9680
169
1680
1186
2840
4121
5538
7179
7084
7996
5568
9988
628
7307
2780
8972
4650
2965
8278
5445
487
5637
9052
3819
6500
485
29
7141
3666
8012
9072
3515
702
9230
7976
2626
6459
9610
6079
9066
9106
727
3392
9105
1807
7639
2397
9938
1313
7220
719
4698
1976
1861
9659
1043
1019
2560
8234
1617
7413
9127
7044
8633
9210
2345
6146
4603
6582
3932
1913
8518
4720
3303
183
1258
238
5304
2767
5263
9882
9307
9111
5694
5034
6059
903
9428
9058
3760
2838
7794
5392
4082
3309
9776
9506
8319
1150
4218
1130
7603
9424
8155
3267
3038
2410
9542
101
7272
4611
681
9191
2533
8857
7881
2248
3157
5670
4955
1749
4506
1839
1544
3693
5179
7646
796
7929
3787
2360
509
7446
4378
9399
2596
6112
6174
2439
9503
7689
6846
6087
3442
626
1900
9137
5801
5760
319
3407
5585
5918
7150
4170
654
8271
2066
3790
8515
7702
6736
7065
1470
9329
2126
3168
6234
1187
512
9194
4031
4406
2302
5156
4221
3610
4269
9724
2221
1655
858
2235
2698
3555
2012
4025
6669
3179
2513
946
7019
9607
129
5521
1509
1550
1647
6283
3467
9930
62
6304
1477
5191
9414
9976
4536
4789
3711
123
9190
9650
218
1033
3171
4797
3862
7758
6052
1868
5546
6594
7722
8313
7305
4014
8367
1109
5875
6914
1104
4671
2104
6512
6351
7369
6584
9183
636
7663
3804
7671
8691
2198
9497
6365
6478
488
6084
5252
2132
6807
1542
5199
4326
1875
8554
8310
1118
4258
3774
9411
637
9706
2279
637
947
4608
3736
6114
1536
8247
2714
163
8904
1231
15
3373
6837
7845
5045
6329
3309
8852
6432
4726
8438
2970
2115
406
8722
6405
9034
2018
9923
4119
8243
9474
900
8391
4175
6455
1578
2493
8352
2480
4749
5930
7501
6504
1624
2961
1712
8186
2068
4137
8181
7504
903
3322
946
7768
1997
12
5314
2303
262
5173
7622
6473
1892
5256
4968
3652
8109
580
8971
8652
9883
5218
8110
1795
959
4814
3979
8268
8734
5500
1396
4798
3749
9078
4242
9115
9265
5213
2883
6097
6645
9417
2005
1945
3147
9761
3197
9828
2645
2320
1441
8410
2258
254
936
4054
2114
6153
9256
510
846
7865
1381
5194
19
6952
7113
9261
5381
340
8098
3206
5119
9668
955
250
2161
404
7902
6254
5658
8893
9954
2773
7878
6333
9020
5872
5908
1019
5141
8987
4702
9806
5418
710
2564
353
2461
9374
1250
6327
3643
6029
5664
9029
491
359
7272
5943
6120
8120
7604
432
3339
5773
3322
7631
561
4289
952
5101
5439
4899
9294
3932
548
8266
2282
2398
9275
4052
4992
2833
4251
1747
9940
3545
7973
141
9922
6405
2869
9114
2528
7021
6963
9548
7079
2163
9170
5234
8199
2092
2729
2540
7092
9996
8245
617
618
5176
6515
4951
2349
9789
6230
2288
5786
9152
8492
5891
4217
7095
4522
4940
6100
9343
1341
8190
5801
1851
3869
1861
8544
7062
204
5739
7407
7612
7517
4427
7736
9153
5019
898
9534
483
1897
5218
981
8561
5228
398
1213
6836
1911
8718
1009
4815
6304
3132
6329
2828
9120
808
909
5543
4672
2711
1429
5508
5405
175
46
4748
8410
8012
4976
946
4554
3073
9143
9355
9755
2950
1101
4717
8766
8972
7692
2489
3377
9090
4176
4596
5481
959
4518
3398
6746
6576
7462
6708
4328
4076
4614
1062
5964
9004
6737
2340
685
646
1262
9218
3587
271
5345
5960
7821
182
7081
5521
1025
4856
6171
1306
8423
8785
7164
4574
4839
7780
2829
3430
1334
2449
7456
8311
1343
655
6079
7300
51
2240
2902
8899
5064
6619
4142
7975
4083
9498
2353
1281
1581
5720
6856
7203
7629
1875
2338
9681
5096
9454
9624
458
3746
3664
3826
4750
2176
9350
7171
7348
6629
3053
2373
9534
1966
1903
6800
5586
3986
6182
3515
9460
1382
5376
4399
5454
1659
6786
9909
2258
683
5807
826
758
7519
139
7453
8774
6197
2224
7641
6083
5114
8070
6259
446
8899
8818
4595
9121
1352
7590
4571
4979
5917
5298
3295
2683
3299
8588
2273
1188
1559
1054
9477
4883
330
829
3166
8547
928
4372
5890
3342
2828
9743
73
3429
2733
6581
2056
4964
9913
3690
6229
3887
1038
8142
2129
6018
6527
2500
5054
1636
3610
3936
3920
4919
3323
1320
271
1517
3736
8527
5281
8593
5002
4487
8105
728
1980
2061
4795
1419
2641
2493
991
4963
2538
6158
7148
2801
861
8948
8601
1705
6699
5443
5914
3285
5972
9601
1467
841
9868
9438
5776
9700
8074
6518
322
3760
3546
1371
8973
7847
4531
9929
2612
5953
9351
4467
5525
4205
7336
1631
6803
8912
7990
2445
6126
1864
1487
4871
6102
2002
2256
4389
3778
8326
2042
2975
7264
7322
8793
7499
950
397
2986
654
2215
6820
2965
3136
8151
4964
8238
2922
9030
1725
2953
1841
1687
6223
3656
5050
3654
7137
7777
4391
5277
8591
8783
9802
2344
2633
8486
9670
564
3715
976
3584
914
3128
7835
5712
3546
4074
6719
2438
5666
9150
4521
3814
3817
760
294
8725
3795
4128
7223
5626
750
1658
1128
8203
7173
5518
3785
8079
4030
3190
2468
778
7747
8328
546
7691
8507
4319
3143
8258
6932
3924
353
433
5764
6234
3366
2130
2785
5559
9883
6590
8585
5893
4024
5972
6527
6395
7096
4214
7933
8805
8584
1722
1084
9268
2602
1122
5276
8859
4342
1539
7347
9545
421
7601
2878
9323
4941
6277
5500
4098
5352
3310
1764
8066
9427
7811
1057
2416
8548
8881
305
2008
8001
1465
169
5208
1220
2537
4659
9916
9250
7875
6469
3697
4242
1893
8486
2173
7098
8300
4678
8944
8868
9698
8242
6987
3462
1283
4430
9644
2334
379
6278
7472
6548
112
5283
9813
4669
6805
125
6279
9748
1822
5851
6399
3064
2071
952
5424
9559
3339
9860
3497
7656
3472
2348
7212
1139
9090
3328
2002
9669
4635
9890
9908
3405
7398
5609
8531
2217
1793
2699
1064
9118
8060
3627
5105
2429
1936
7710
3417
282
2689
7500
7282
6648
563
3947
6485
9353
7216
5098
7337
3637
8401
832
3156
1053
5786
1309
8121
1595
4498
144
6961
3064
1100
7477
4674
5475
6757
2921
7810
4080
8380
5080
4324
2755
3977
7074
5058
8495
3661
8886
2518
3090
8219
6909
1102
8886
6965
2369
9862
1520
2011
5379
6882
5540
474
1835
1963
3271
5983
3128
2082
5600
3837
6412
1716
2872
2831
8638
1432
9489
1207
6284
1377
3564
2581
6070
5603
5263
2514
4444
2969
4226
8452
7730
4580
9746
4128
3668
7002
203
3919
374
5874
1740
9258
1329
6515
3573
7441
188
8559
9112
3381
2268
8308
3756
2319
8245
6158
1920
4001
9638
1770
4693
3272
4463
8055
2450
8995
5522
8520
6786
190
4704
774
4490
4273
3091
7952
5128
9702
4315
886
1403
2413
5843
5517
5964
4227
6023
6159
525
617
6448
7808
8088
9972
4754
2122
2996
8004
5922
3159
5183
6461
5626
2947
9210
381
3275
1835
6286
5486
2771
3790
3509
8567
8507
8055
3315
1136
2326
2237
5071
863
5124
4297
9790
758
3680
7312
6953
9643
9364
6205
8598
7513
6910
1954
443
2940
8633
6799
6852
7787
7223
2278
4170
5089
67
4272
4948
9353
9627
2989
6619
1060
2443
618
3240
9588
9849
1254
9257
9615
4782
6977
5026
9894
5035
5245
3055
38
7637
8237
9744
2544
8131
687
112
1319
4434
7188
1649
2652
3868
3824
697
7347
8703
6193
9543
6143
9720
3811
2445
3110
485
5540
3572
5861
6747
6668
1775
8182
4505
2706
2268
8439
4372
3297
9934
2871
6471
2310
4608
4932
106
6093
5313
4205
8348
6702
9573
8085
4810
2564
1982
5878
5329
7078
895
1516
6724
8477
6700
3139
8284
112
1423
7072
7210
2914
9492
4241
9777
5942
2885
8807
4845
2242
8376
3016
9115
7313
6780
6641
6113
1667
3989
7613
4843
9385
9941
4310
5273
5636
7313
3107
4866